dataset/train-images-idx3-ubyte.gz
Extracting dataset/train-images-idx3-ubyte.gz
num_images = 800 row = 100 col = 100
8000000
Extracting dataset/train-labels-idx1-ubyte.gz
num_items = 800 = 800
[15 17  3  4  1  1 13 11  7 13  4  0 14 11 15  1  5 15  5  2  8 16 13  7 12
 18 10  1 17 11  9  3 15  4 16 15  1  3 16  9 19 15  9 18 10  3  5 15 10  2
  7  9 18  2 11 15 12  8  0 14  4  0  8  4 14 13  5  2 12  9 13 18  3 19  9
 17  2  7  3  6 19  9  4  2 16 14  4  6  2 16 16  6  9 15 17 13  1 16 19 19
  1 16 18  6  6  3  2  7 18  8  4  0  4 16 10 11  6 17 13 19 14 16  6 15  6
  1  2 13 19  8  4 10 18  2 17 16  7 16 15  0 14  8 19  9 13  1 16  6 11  0
  1 13  8 19  0  3  5 18  7 16 14  4  4 17  4  3 12 16 11 17 18  4  1  7 12
 14 18 10  5 16  1  6  1 17 12  0  3  9  2 16 12  0  5  6 11 10 17 19  5 12
 14 15  3 16 18 19  0  0 10  7  4 15  5 10 19  4 12  9 13 10 17 14  4 10  4
 15 10  6  5  6  3  1  2  3  2 14 14  8 18  2 14 12 14 13 15 18  5 12 14 13
 10  5 19  2  9 19 19 11  9 15 12 12  6  0  5  9 15  4  7 19  5  9  6  3  6
  9 15  3 11 10  6 12 15  7 18 12 12  1 18  8 11  1 18 18  1 13  7  5  2  8
  1 12 17  0 19 13 13 15 16 19  8 13 12  3 14  6 13 18  4 11  2 19 17  8 15
  2  6  1 16 11 16 10 16 13  7  6  2  2  7  6 15 10  6  4 16 14 18  4  6 13
  6 10 14 14 19 18 18  7  5  8  0 11  1 13 10  4 13 19  3  0  9  4  5  8  3
 13  5  8 16 16  6 14  2  2 17  3 19  3  4 14  9 10 10  7 10  6  5  0  4  7
 18 15  0 15  1  2 15  0 13  6  7 19 14 10  9  1  7 10  8  2  8 10  4  0  1
 10 14 19 19 19 17  5  6  4 17 18 12 12 17 10  0 12  8  2  7  2 12 12 13 16
  2  9 17 15 10  5 19  3 19 18  6  7 12 11  8 14  2  4  1 12  4 19  1 16 11
  5  8 17  4 17 16 11 12  4  3 17  0  9  7  3  5 16 10 18  5 15  9  9 10 16
  1  1  8  5 17 11  3  0 18  4 13  9  9 13 14  5 10  7 12  8 15 17 12  5  7
  3 14 16 15  8 10 11  8 11  3  0 19  5 14  4 12  3  9 18  0  2 11  7 17  8
 15 11  2  7  1 11 17  1  4  4  9 16  6  3 12 13 11  8 15  2 10 18  8 11 14
 13 10  7 11 11  4  2  7 12  7 18 13 19  5  6  8 12 13 17  0  5  9 11 17 11
  7  8  7  1 14  7 18  5 12  2  8  0 17  9  5  8  1 18  5  9  3  0  1  3 17
 11 14  1 13  3 18  8  8 17  9 12 19 13 17 13  3  2  3 11 15 14  0  8 13  5
 18  3 14  3  0 10  6  4 18 10 18 18 13  9 15 16 15  3  0  6 11 19  2  5 13
  0  9 17 18  8 17 10  8  6 12  7 11  1  5  7 17 17 13  5 12  9 19  0 14  3
 12  8  6 14 19  1  8  6  2 15  7  1 16  0 17  3  7  7 18  3 16 13 16  0  0
  4 15  2  9  9  2  1 16 10  7  1 18 14 12 19 16 13  2 15  5 17 17 10 19 11
  5 14 15  7  2 11  7  0 14  8  9 11 17 12 17  4  5  7  6  5  3  4 19 15  2
  9  0  1 11 18  3 14 11  2  6  9 12 11 19 15 16 16 10 19 11  1  9  6  9  6]
num_labels = 800 num_classes = 20
index_offset = [    0    20    40    60    80   100   120   140   160   180   200   220
   240   260   280   300   320   340   360   380   400   420   440   460
   480   500   520   540   560   580   600   620   640   660   680   700
   720   740   760   780   800   820   840   860   880   900   920   940
   960   980  1000  1020  1040  1060  1080  1100  1120  1140  1160  1180
  1200  1220  1240  1260  1280  1300  1320  1340  1360  1380  1400  1420
  1440  1460  1480  1500  1520  1540  1560  1580  1600  1620  1640  1660
  1680  1700  1720  1740  1760  1780  1800  1820  1840  1860  1880  1900
  1920  1940  1960  1980  2000  2020  2040  2060  2080  2100  2120  2140
  2160  2180  2200  2220  2240  2260  2280  2300  2320  2340  2360  2380
  2400  2420  2440  2460  2480  2500  2520  2540  2560  2580  2600  2620
  2640  2660  2680  2700  2720  2740  2760  2780  2800  2820  2840  2860
  2880  2900  2920  2940  2960  2980  3000  3020  3040  3060  3080  3100
  3120  3140  3160  3180  3200  3220  3240  3260  3280  3300  3320  3340
  3360  3380  3400  3420  3440  3460  3480  3500  3520  3540  3560  3580
  3600  3620  3640  3660  3680  3700  3720  3740  3760  3780  3800  3820
  3840  3860  3880  3900  3920  3940  3960  3980  4000  4020  4040  4060
  4080  4100  4120  4140  4160  4180  4200  4220  4240  4260  4280  4300
  4320  4340  4360  4380  4400  4420  4440  4460  4480  4500  4520  4540
  4560  4580  4600  4620  4640  4660  4680  4700  4720  4740  4760  4780
  4800  4820  4840  4860  4880  4900  4920  4940  4960  4980  5000  5020
  5040  5060  5080  5100  5120  5140  5160  5180  5200  5220  5240  5260
  5280  5300  5320  5340  5360  5380  5400  5420  5440  5460  5480  5500
  5520  5540  5560  5580  5600  5620  5640  5660  5680  5700  5720  5740
  5760  5780  5800  5820  5840  5860  5880  5900  5920  5940  5960  5980
  6000  6020  6040  6060  6080  6100  6120  6140  6160  6180  6200  6220
  6240  6260  6280  6300  6320  6340  6360  6380  6400  6420  6440  6460
  6480  6500  6520  6540  6560  6580  6600  6620  6640  6660  6680  6700
  6720  6740  6760  6780  6800  6820  6840  6860  6880  6900  6920  6940
  6960  6980  7000  7020  7040  7060  7080  7100  7120  7140  7160  7180
  7200  7220  7240  7260  7280  7300  7320  7340  7360  7380  7400  7420
  7440  7460  7480  7500  7520  7540  7560  7580  7600  7620  7640  7660
  7680  7700  7720  7740  7760  7780  7800  7820  7840  7860  7880  7900
  7920  7940  7960  7980  8000  8020  8040  8060  8080  8100  8120  8140
  8160  8180  8200  8220  8240  8260  8280  8300  8320  8340  8360  8380
  8400  8420  8440  8460  8480  8500  8520  8540  8560  8580  8600  8620
  8640  8660  8680  8700  8720  8740  8760  8780  8800  8820  8840  8860
  8880  8900  8920  8940  8960  8980  9000  9020  9040  9060  9080  9100
  9120  9140  9160  9180  9200  9220  9240  9260  9280  9300  9320  9340
  9360  9380  9400  9420  9440  9460  9480  9500  9520  9540  9560  9580
  9600  9620  9640  9660  9680  9700  9720  9740  9760  9780  9800  9820
  9840  9860  9880  9900  9920  9940  9960  9980 10000 10020 10040 10060
 10080 10100 10120 10140 10160 10180 10200 10220 10240 10260 10280 10300
 10320 10340 10360 10380 10400 10420 10440 10460 10480 10500 10520 10540
 10560 10580 10600 10620 10640 10660 10680 10700 10720 10740 10760 10780
 10800 10820 10840 10860 10880 10900 10920 10940 10960 10980 11000 11020
 11040 11060 11080 11100 11120 11140 11160 11180 11200 11220 11240 11260
 11280 11300 11320 11340 11360 11380 11400 11420 11440 11460 11480 11500
 11520 11540 11560 11580 11600 11620 11640 11660 11680 11700 11720 11740
 11760 11780 11800 11820 11840 11860 11880 11900 11920 11940 11960 11980
 12000 12020 12040 12060 12080 12100 12120 12140 12160 12180 12200 12220
 12240 12260 12280 12300 12320 12340 12360 12380 12400 12420 12440 12460
 12480 12500 12520 12540 12560 12580 12600 12620 12640 12660 12680 12700
 12720 12740 12760 12780 12800 12820 12840 12860 12880 12900 12920 12940
 12960 12980 13000 13020 13040 13060 13080 13100 13120 13140 13160 13180
 13200 13220 13240 13260 13280 13300 13320 13340 13360 13380 13400 13420
 13440 13460 13480 13500 13520 13540 13560 13580 13600 13620 13640 13660
 13680 13700 13720 13740 13760 13780 13800 13820 13840 13860 13880 13900
 13920 13940 13960 13980 14000 14020 14040 14060 14080 14100 14120 14140
 14160 14180 14200 14220 14240 14260 14280 14300 14320 14340 14360 14380
 14400 14420 14440 14460 14480 14500 14520 14540 14560 14580 14600 14620
 14640 14660 14680 14700 14720 14740 14760 14780 14800 14820 14840 14860
 14880 14900 14920 14940 14960 14980 15000 15020 15040 15060 15080 15100
 15120 15140 15160 15180 15200 15220 15240 15260 15280 15300 15320 15340
 15360 15380 15400 15420 15440 15460 15480 15500 15520 15540 15560 15580
 15600 15620 15640 15660 15680 15700 15720 15740 15760 15780 15800 15820
 15840 15860 15880 15900 15920 15940 15960 15980]
labels_one_hot = [[ 0.  0.  0. ...,  0.  0.  0.]
 [ 0.  0.  0. ...,  0.  0.  0.]
 [ 0.  0.  0. ...,  0.  0.  0.]
 ..., 
 [ 0.  0.  0. ...,  0.  0.  0.]
 [ 0.  0.  0. ...,  0.  0.  0.]
 [ 0.  0.  0. ...,  0.  0.  0.]]
labels_dense.ravel() = [15 17  3  4  1  1 13 11  7 13  4  0 14 11 15  1  5 15  5  2  8 16 13  7 12
 18 10  1 17 11  9  3 15  4 16 15  1  3 16  9 19 15  9 18 10  3  5 15 10  2
  7  9 18  2 11 15 12  8  0 14  4  0  8  4 14 13  5  2 12  9 13 18  3 19  9
 17  2  7  3  6 19  9  4  2 16 14  4  6  2 16 16  6  9 15 17 13  1 16 19 19
  1 16 18  6  6  3  2  7 18  8  4  0  4 16 10 11  6 17 13 19 14 16  6 15  6
  1  2 13 19  8  4 10 18  2 17 16  7 16 15  0 14  8 19  9 13  1 16  6 11  0
  1 13  8 19  0  3  5 18  7 16 14  4  4 17  4  3 12 16 11 17 18  4  1  7 12
 14 18 10  5 16  1  6  1 17 12  0  3  9  2 16 12  0  5  6 11 10 17 19  5 12
 14 15  3 16 18 19  0  0 10  7  4 15  5 10 19  4 12  9 13 10 17 14  4 10  4
 15 10  6  5  6  3  1  2  3  2 14 14  8 18  2 14 12 14 13 15 18  5 12 14 13
 10  5 19  2  9 19 19 11  9 15 12 12  6  0  5  9 15  4  7 19  5  9  6  3  6
  9 15  3 11 10  6 12 15  7 18 12 12  1 18  8 11  1 18 18  1 13  7  5  2  8
  1 12 17  0 19 13 13 15 16 19  8 13 12  3 14  6 13 18  4 11  2 19 17  8 15
  2  6  1 16 11 16 10 16 13  7  6  2  2  7  6 15 10  6  4 16 14 18  4  6 13
  6 10 14 14 19 18 18  7  5  8  0 11  1 13 10  4 13 19  3  0  9  4  5  8  3
 13  5  8 16 16  6 14  2  2 17  3 19  3  4 14  9 10 10  7 10  6  5  0  4  7
 18 15  0 15  1  2 15  0 13  6  7 19 14 10  9  1  7 10  8  2  8 10  4  0  1
 10 14 19 19 19 17  5  6  4 17 18 12 12 17 10  0 12  8  2  7  2 12 12 13 16
  2  9 17 15 10  5 19  3 19 18  6  7 12 11  8 14  2  4  1 12  4 19  1 16 11
  5  8 17  4 17 16 11 12  4  3 17  0  9  7  3  5 16 10 18  5 15  9  9 10 16
  1  1  8  5 17 11  3  0 18  4 13  9  9 13 14  5 10  7 12  8 15 17 12  5  7
  3 14 16 15  8 10 11  8 11  3  0 19  5 14  4 12  3  9 18  0  2 11  7 17  8
 15 11  2  7  1 11 17  1  4  4  9 16  6  3 12 13 11  8 15  2 10 18  8 11 14
 13 10  7 11 11  4  2  7 12  7 18 13 19  5  6  8 12 13 17  0  5  9 11 17 11
  7  8  7  1 14  7 18  5 12  2  8  0 17  9  5  8  1 18  5  9  3  0  1  3 17
 11 14  1 13  3 18  8  8 17  9 12 19 13 17 13  3  2  3 11 15 14  0  8 13  5
 18  3 14  3  0 10  6  4 18 10 18 18 13  9 15 16 15  3  0  6 11 19  2  5 13
  0  9 17 18  8 17 10  8  6 12  7 11  1  5  7 17 17 13  5 12  9 19  0 14  3
 12  8  6 14 19  1  8  6  2 15  7  1 16  0 17  3  7  7 18  3 16 13 16  0  0
  4 15  2  9  9  2  1 16 10  7  1 18 14 12 19 16 13  2 15  5 17 17 10 19 11
  5 14 15  7  2 11  7  0 14  8  9 11 17 12 17  4  5  7  6  5  3  4 19 15  2
  9  0  1 11 18  3 14 11  2  6  9 12 11 19 15 16 16 10 19 11  1  9  6  9  6]
Extracting dataset/test-images-idx3-ubyte.gz
num_images = 120 row = 100 col = 100
1200000
Extracting dataset/test-labels-idx1-ubyte.gz
num_items = 120 = 120
[17 12 13 16 18 10  2  4  5 11 17  1  3  9  4  9  1 19  5 13  3  0 17  2 12
  5 16 13 10  3 15 11  9  7  1  2 13 11 15  8  7 17 19  7 19 11  1 15  7 13
  8  3 14  2 18 16  5 14 14  9  3  7  4  7  8  5 18  4  0 15 12 12 16  9  6
 18  0  9  6  1 10  2 11  1 17 10 16 12  4  8 17  8 10 10  6  6 19 16 19  5
 18 15 11 14  0 13 14 15  4 14  0  8  6 12  3 19  2  6  0 18]
num_labels = 120 num_classes = 20
index_offset = [   0   20   40   60   80  100  120  140  160  180  200  220  240  260  280
  300  320  340  360  380  400  420  440  460  480  500  520  540  560  580
  600  620  640  660  680  700  720  740  760  780  800  820  840  860  880
  900  920  940  960  980 1000 1020 1040 1060 1080 1100 1120 1140 1160 1180
 1200 1220 1240 1260 1280 1300 1320 1340 1360 1380 1400 1420 1440 1460 1480
 1500 1520 1540 1560 1580 1600 1620 1640 1660 1680 1700 1720 1740 1760 1780
 1800 1820 1840 1860 1880 1900 1920 1940 1960 1980 2000 2020 2040 2060 2080
 2100 2120 2140 2160 2180 2200 2220 2240 2260 2280 2300 2320 2340 2360 2380]
labels_one_hot = [[ 0.  0.  0. ...,  0.  0.  0.]
 [ 0.  0.  0. ...,  0.  0.  0.]
 [ 0.  0.  0. ...,  0.  0.  0.]
 ..., 
 [ 0.  0.  0. ...,  0.  0.  0.]
 [ 0.  0.  0. ...,  0.  0.  0.]
 [ 0.  0.  0. ...,  0.  0.  0.]]
labels_dense.ravel() = [17 12 13 16 18 10  2  4  5 11 17  1  3  9  4  9  1 19  5 13  3  0 17  2 12
  5 16 13 10  3 15 11  9  7  1  2 13 11 15  8  7 17 19  7 19 11  1 15  7 13
  8  3 14  2 18 16  5 14 14  9  3  7  4  7  8  5 18  4  0 15 12 12 16  9  6
 18  0  9  6  1 10  2 11  1 17 10 16 12  4  8 17  8 10 10  6  6 19 16 19  5
 18 15 11 14  0 13 14 15  4 14  0  8  6 12  3 19  2  6  0 18]

num_input_pixels = 10000
num_classes = 20
num_batches = 100
num_hidden_1 = 2000
num_hidden_2 = 1000
training_epochs = 400
learning_rate = 0.001

Training Started!
Epoch: 0001 cost = 71331.651227679
Epoch: 0002 cost = 56471.551897321
Epoch: 0003 cost = 45665.610491071
Epoch: 0004 cost = 32481.500000000
Epoch: 0005 cost = 22533.236049107
Epoch: 0006 cost = 17489.463867188
Epoch: 0007 cost = 15090.022739955
Epoch: 0008 cost = 13636.537946429
Epoch: 0009 cost = 11659.498046875
Epoch: 0010 cost = 10743.977818080
Epoch: 0011 cost = 9671.371512277
Epoch: 0012 cost = 10085.356166295
Epoch: 0013 cost = 7740.491559710
Epoch: 0014 cost = 8206.916224888
Epoch: 0015 cost = 7165.821219308
Epoch: 0016 cost = 6764.092982701
Epoch: 0017 cost = 6395.418108259
Epoch: 0018 cost = 6533.310337612
Epoch: 0019 cost = 6062.681780134
Epoch: 0020 cost = 5689.197195871
Epoch: 0021 cost = 6475.131487165
Epoch: 0022 cost = 5781.195870536
Epoch: 0023 cost = 5740.577566964
Epoch: 0024 cost = 5287.425920759
Epoch: 0025 cost = 5365.423828125
Epoch: 0026 cost = 4304.653076172
Epoch: 0027 cost = 4307.242710658
Epoch: 0028 cost = 4472.364815848
Epoch: 0029 cost = 4877.637032645
Epoch: 0030 cost = 4067.418247768
Epoch: 0031 cost = 4267.226981027
Epoch: 0032 cost = 3890.278808594
Epoch: 0033 cost = 3169.766183036
Epoch: 0034 cost = 2966.737723214
Epoch: 0035 cost = 2525.424037388
Epoch: 0036 cost = 4179.094866071
Epoch: 0037 cost = 4311.663434710
Epoch: 0038 cost = 4124.921491350
Epoch: 0039 cost = 3734.989222935
Epoch: 0040 cost = 3234.788992746
Epoch: 0041 cost = 3275.348946708
Epoch: 0042 cost = 2181.487513951
Epoch: 0043 cost = 2146.704415458
Epoch: 0044 cost = 2206.654471261
Epoch: 0045 cost = 1763.304199219
Epoch: 0046 cost = 1905.468226842
Epoch: 0047 cost = 1948.719831194
Epoch: 0048 cost = 2043.961861747
Epoch: 0049 cost = 1612.840523856
Epoch: 0050 cost = 1449.353454590
Epoch: 0051 cost = 1776.032400949
Epoch: 0052 cost = 1375.184003557
Epoch: 0053 cost = 1661.890476772
Epoch: 0054 cost = 1480.122270857
Epoch: 0055 cost = 1636.167846680
Epoch: 0056 cost = 1903.251124791
Epoch: 0057 cost = 2055.910766602
Epoch: 0058 cost = 1963.589442662
Epoch: 0059 cost = 1907.403965541
Epoch: 0060 cost = 1291.380004883
Epoch: 0061 cost = 2057.560616629
Epoch: 0062 cost = 2285.213361468
Epoch: 0063 cost = 2414.189156669
Epoch: 0064 cost = 1949.322858538
Epoch: 0065 cost = 2000.957188198
Epoch: 0066 cost = 1871.129080636
Epoch: 0067 cost = 1500.301932199
Epoch: 0068 cost = 1572.909284319
Epoch: 0069 cost = 2023.945268903
Epoch: 0070 cost = 1883.426252093
Epoch: 0071 cost = 1826.790152414
Epoch: 0072 cost = 1770.455392020
Epoch: 0073 cost = 1574.803632464
Epoch: 0074 cost = 1361.667803083
Epoch: 0075 cost = 2183.116245815
Epoch: 0076 cost = 1116.803061349
Epoch: 0077 cost = 1659.418579102
Epoch: 0078 cost = 1273.131443569
Epoch: 0079 cost = 987.944832938
Epoch: 0080 cost = 1015.652840751
Epoch: 0081 cost = 734.556570871
Epoch: 0082 cost = 1108.145128523
Epoch: 0083 cost = 862.485063825
Epoch: 0084 cost = 1277.191432408
Epoch: 0085 cost = 1027.279296875
Epoch: 0086 cost = 875.691973005
Epoch: 0087 cost = 966.150739397
Epoch: 0088 cost = 694.959538051
Epoch: 0089 cost = 752.469552176
Epoch: 0090 cost = 545.542528425
Epoch: 0091 cost = 737.814592634
Epoch: 0092 cost = 659.064745222
Epoch: 0093 cost = 1069.663970947
Epoch: 0094 cost = 981.310947963
Epoch: 0095 cost = 692.294812884
Epoch: 0096 cost = 737.769801549
Epoch: 0097 cost = 649.942413330
Epoch: 0098 cost = 743.891623361
Epoch: 0099 cost = 1152.301583426
Epoch: 0100 cost = 925.676971436
Epoch: 0101 cost = 1183.776742118
Epoch: 0102 cost = 1043.917035784
Epoch: 0103 cost = 725.529366629
Epoch: 0104 cost = 906.378339495
Epoch: 0105 cost = 1360.944972447
Epoch: 0106 cost = 1115.605024065
Epoch: 0107 cost = 723.028599330
Epoch: 0108 cost = 838.730678013
Epoch: 0109 cost = 769.651018415
Epoch: 0110 cost = 727.339699881
Epoch: 0111 cost = 556.778472900
Epoch: 0112 cost = 669.035164969
Epoch: 0113 cost = 1054.271157401
Epoch: 0114 cost = 1415.174150739
Epoch: 0115 cost = 1131.419913156
Epoch: 0116 cost = 1413.499494280
Epoch: 0117 cost = 1517.546408517
Epoch: 0118 cost = 1204.738276890
Epoch: 0119 cost = 1015.904915946
Epoch: 0120 cost = 1149.238891602
Epoch: 0121 cost = 936.568516323
Epoch: 0122 cost = 944.446799142
Epoch: 0123 cost = 807.140520368
Epoch: 0124 cost = 1021.825273786
Epoch: 0125 cost = 1224.018938337
Epoch: 0126 cost = 889.951023647
Epoch: 0127 cost = 825.939588274
Epoch: 0128 cost = 757.244485038
Epoch: 0129 cost = 848.542742048
Epoch: 0130 cost = 971.909569877
Epoch: 0131 cost = 682.612989153
Epoch: 0132 cost = 452.864131383
Epoch: 0133 cost = 785.181610107
Epoch: 0134 cost = 721.540965489
Epoch: 0135 cost = 1086.894042969
Epoch: 0136 cost = 1166.610002790
Epoch: 0137 cost = 1034.458718436
Epoch: 0138 cost = 1001.668422154
Epoch: 0139 cost = 963.941397531
Epoch: 0140 cost = 1159.846121652
Epoch: 0141 cost = 1043.768964495
Epoch: 0142 cost = 1033.822592599
Epoch: 0143 cost = 765.392434256
Epoch: 0144 cost = 711.155099051
Epoch: 0145 cost = 619.483963013
Epoch: 0146 cost = 711.166690281
Epoch: 0147 cost = 266.422997611
Epoch: 0148 cost = 751.357271467
Epoch: 0149 cost = 1030.779253278
Epoch: 0150 cost = 890.223680769
Epoch: 0151 cost = 785.997344971
Epoch: 0152 cost = 654.276493617
Epoch: 0153 cost = 1103.878130232
Epoch: 0154 cost = 787.029493059
Epoch: 0155 cost = 900.832557678
Epoch: 0156 cost = 849.352334159
Epoch: 0157 cost = 952.867135184
Epoch: 0158 cost = 606.748465402
Epoch: 0159 cost = 638.347050258
Epoch: 0160 cost = 643.138743809
Epoch: 0161 cost = 725.270673479
Epoch: 0162 cost = 714.829618182
Epoch: 0163 cost = 861.179918562
Epoch: 0164 cost = 717.692382812
Epoch: 0165 cost = 841.672332764
Epoch: 0166 cost = 795.240522112
Epoch: 0167 cost = 551.940543039
Epoch: 0168 cost = 926.081063407
Epoch: 0169 cost = 685.330439976
Epoch: 0170 cost = 714.930424282
Epoch: 0171 cost = 918.275565011
Epoch: 0172 cost = 1159.600341797
Epoch: 0173 cost = 654.094761440
Epoch: 0174 cost = 598.406276158
Epoch: 0175 cost = 462.735022409
Epoch: 0176 cost = 583.850285121
Epoch: 0177 cost = 232.318454197
Epoch: 0178 cost = 236.624625070
Epoch: 0179 cost = 307.841504778
Epoch: 0180 cost = 287.593481881
Epoch: 0181 cost = 366.452207293
Epoch: 0182 cost = 681.000736782
Epoch: 0183 cost = 589.022225516
Epoch: 0184 cost = 692.316850935
Epoch: 0185 cost = 565.374703544
Epoch: 0186 cost = 596.945979527
Epoch: 0187 cost = 805.336966378
Epoch: 0188 cost = 1090.538199289
Epoch: 0189 cost = 1539.579057966
Epoch: 0190 cost = 1455.295902797
Epoch: 0191 cost = 1162.959442139
Epoch: 0192 cost = 755.642098563
Epoch: 0193 cost = 421.240502494
Epoch: 0194 cost = 387.114475795
Epoch: 0195 cost = 626.551631383
Epoch: 0196 cost = 672.058162144
Epoch: 0197 cost = 803.867344448
Epoch: 0198 cost = 803.697999137
Epoch: 0199 cost = 692.531206403
Epoch: 0200 cost = 997.077819824
Epoch: 0201 cost = 1107.636361258
Epoch: 0202 cost = 1071.787013463
Epoch: 0203 cost = 1088.278276716
Epoch: 0204 cost = 1135.541482108
Epoch: 0205 cost = 788.954110282
Epoch: 0206 cost = 980.261696952
Epoch: 0207 cost = 2124.052093506
Epoch: 0208 cost = 2022.872419085
Epoch: 0209 cost = 825.616777693
Epoch: 0210 cost = 761.565399170
Epoch: 0211 cost = 1263.275111607
Epoch: 0212 cost = 1310.870954241
Epoch: 0213 cost = 979.118892125
Epoch: 0214 cost = 1044.483054025
Epoch: 0215 cost = 1007.214011056
Epoch: 0216 cost = 608.796059745
Epoch: 0217 cost = 836.832462856
Epoch: 0218 cost = 460.298348563
Epoch: 0219 cost = 642.484645299
Epoch: 0220 cost = 366.832255772
Epoch: 0221 cost = 396.321628026
Epoch: 0222 cost = 451.613492693
Epoch: 0223 cost = 390.869642803
Epoch: 0224 cost = 257.478184291
Epoch: 0225 cost = 243.646403517
Epoch: 0226 cost = 295.059668405
Epoch: 0227 cost = 202.837023054
Epoch: 0228 cost = 223.045932770
Epoch: 0229 cost = 294.919967106
Epoch: 0230 cost = 347.723490034
Epoch: 0231 cost = 264.273381914
Epoch: 0232 cost = 234.124008724
Epoch: 0233 cost = 222.677661351
Epoch: 0234 cost = 360.907222203
Epoch: 0235 cost = 399.235783168
Epoch: 0236 cost = 558.529161726
Epoch: 0237 cost = 460.857428414
Epoch: 0238 cost = 454.303179060
Epoch: 0239 cost = 515.720373971
Epoch: 0240 cost = 443.107138497
Epoch: 0241 cost = 442.667297363
Epoch: 0242 cost = 475.082877023
Epoch: 0243 cost = 423.557152884
Epoch: 0244 cost = 399.480393546
Epoch: 0245 cost = 347.033057077
Epoch: 0246 cost = 552.851799011
Epoch: 0247 cost = 447.776282174
Epoch: 0248 cost = 575.623984201
Epoch: 0249 cost = 891.008602824
Epoch: 0250 cost = 687.114283970
Epoch: 0251 cost = 582.665087019
Epoch: 0252 cost = 431.385931832
Epoch: 0253 cost = 524.771642412
Epoch: 0254 cost = 253.620301383
Epoch: 0255 cost = 297.551100595
Epoch: 0256 cost = 365.875889369
Epoch: 0257 cost = 351.043790817
Epoch: 0258 cost = 466.062340873
Epoch: 0259 cost = 463.995465960
Epoch: 0260 cost = 542.789746966
Epoch: 0261 cost = 927.474984305
Epoch: 0262 cost = 563.845548357
Epoch: 0263 cost = 344.832113538
Epoch: 0264 cost = 333.436182840
Epoch: 0265 cost = 303.255726406
Epoch: 0266 cost = 523.360870361
Epoch: 0267 cost = 979.908939907
Epoch: 0268 cost = 2023.917236328
Epoch: 0269 cost = 1693.571467808
Epoch: 0270 cost = 5329.519199916
Epoch: 0271 cost = 6884.623186384
Epoch: 0272 cost = 5317.867222377
Epoch: 0273 cost = 2981.963867188
Epoch: 0274 cost = 2735.917410714
Epoch: 0275 cost = 1348.398908343
Epoch: 0276 cost = 842.273729597
Epoch: 0277 cost = 539.707288470
Epoch: 0278 cost = 412.034018380
Epoch: 0279 cost = 535.667515346
Epoch: 0280 cost = 488.506997245
Epoch: 0281 cost = 752.403952462
Epoch: 0282 cost = 631.433109828
Epoch: 0283 cost = 664.381814139
Epoch: 0284 cost = 479.461532593
Epoch: 0285 cost = 551.593843733
Epoch: 0286 cost = 980.580893380
Epoch: 0287 cost = 1059.749886649
Epoch: 0288 cost = 1547.176967076
Epoch: 0289 cost = 1126.995766776
Epoch: 0290 cost = 827.377140590
Epoch: 0291 cost = 545.558458601
Epoch: 0292 cost = 484.673405239
Epoch: 0293 cost = 645.358956473
Epoch: 0294 cost = 786.299543108
Epoch: 0295 cost = 719.760415213
Epoch: 0296 cost = 531.478332520
Epoch: 0297 cost = 667.046892439
Epoch: 0298 cost = 860.796151297
Epoch: 0299 cost = 604.707667759
Epoch: 0300 cost = 599.824746268
Epoch: 0301 cost = 457.070133754
Epoch: 0302 cost = 393.041208540
Epoch: 0303 cost = 555.257328578
Epoch: 0304 cost = 813.994790213
Epoch: 0305 cost = 808.252593994
Epoch: 0306 cost = 710.473464966
Epoch: 0307 cost = 745.774797712
Epoch: 0308 cost = 319.577426365
Epoch: 0309 cost = 176.952663422
Epoch: 0310 cost = 275.173091343
Epoch: 0311 cost = 147.736954280
Epoch: 0312 cost = 278.461116246
Epoch: 0313 cost = 244.922926767
Epoch: 0314 cost = 460.649434771
Epoch: 0315 cost = 233.316428593
Epoch: 0316 cost = 331.406379700
Epoch: 0317 cost = 414.266417367
Epoch: 0318 cost = 558.006578718
Epoch: 0319 cost = 522.123051235
Epoch: 0320 cost = 373.400556292
Epoch: 0321 cost = 363.726154872
Epoch: 0322 cost = 206.653647287
Epoch: 0323 cost = 336.930015564
Epoch: 0324 cost = 446.248005458
Epoch: 0325 cost = 331.612192154
Epoch: 0326 cost = 312.368622916
Epoch: 0327 cost = 476.344978060
Epoch: 0328 cost = 367.240347726
Epoch: 0329 cost = 298.518695286
Epoch: 0330 cost = 464.373038156
Epoch: 0331 cost = 324.324081421
Epoch: 0332 cost = 435.822485788
Epoch: 0333 cost = 1093.389522008
Epoch: 0334 cost = 838.809779576
Epoch: 0335 cost = 516.614560808
Epoch: 0336 cost = 281.272445134
Epoch: 0337 cost = 240.550589970
Epoch: 0338 cost = 520.692812238
Epoch: 0339 cost = 512.004597255
Epoch: 0340 cost = 654.876964024
Epoch: 0341 cost = 509.948863438
Epoch: 0342 cost = 917.652803693
Epoch: 0343 cost = 1289.353036063
Epoch: 0344 cost = 919.650551932
Epoch: 0345 cost = 1376.802623204
Epoch: 0346 cost = 1617.139308384
Epoch: 0347 cost = 776.488773891
Epoch: 0348 cost = 925.665383475
Epoch: 0349 cost = 784.799551828
Epoch: 0350 cost = 781.665411813
Epoch: 0351 cost = 768.095594134
Epoch: 0352 cost = 896.886797224
Epoch: 0353 cost = 574.380506243
Epoch: 0354 cost = 538.334273202
Epoch: 0355 cost = 644.059199742
Epoch: 0356 cost = 503.702145168
Epoch: 0357 cost = 651.513933999
Epoch: 0358 cost = 271.179663522
Epoch: 0359 cost = 368.103262765
Epoch: 0360 cost = 381.767166138
Epoch: 0361 cost = 398.952919006
Epoch: 0362 cost = 447.753684998
Epoch: 0363 cost = 251.418760027
Epoch: 0364 cost = 275.320924486
Epoch: 0365 cost = 581.303967885
Epoch: 0366 cost = 456.236899240
Epoch: 0367 cost = 378.197262355
Epoch: 0368 cost = 322.433173588
Epoch: 0369 cost = 318.435130528
Epoch: 0370 cost = 253.472247532
Epoch: 0371 cost = 293.633072989
Epoch: 0372 cost = 304.364596776
Epoch: 0373 cost = 1023.963548933
Epoch: 0374 cost = 901.341317313
Epoch: 0375 cost = 845.429164342
Epoch: 0376 cost = 463.832650321
Epoch: 0377 cost = 679.715933664
Epoch: 0378 cost = 514.294211251
Epoch: 0379 cost = 546.487849644
Epoch: 0380 cost = 543.048070635
Epoch: 0381 cost = 799.290078299
Epoch: 0382 cost = 454.496008737
Epoch: 0383 cost = 407.170743670
Epoch: 0384 cost = 524.743689401
Epoch: 0385 cost = 742.198020390
Epoch: 0386 cost = 646.590807234
Epoch: 0387 cost = 853.314152309
Epoch: 0388 cost = 610.419217791
Epoch: 0389 cost = 586.777404785
Epoch: 0390 cost = 688.748999459
Epoch: 0391 cost = 396.119035993
Epoch: 0392 cost = 461.165863037
Epoch: 0393 cost = 373.702002389
Epoch: 0394 cost = 305.407201494
Epoch: 0395 cost = 337.662070138
Epoch: 0396 cost = 204.857357025
Epoch: 0397 cost = 353.573691232
Epoch: 0398 cost = 397.555027008
Epoch: 0399 cost = 418.896253313
Epoch: 0400 cost = 243.724260603
Training Finished!
Testing started!
Accuracy: 51.6666650772
Testing finished!
