dataset/train-images-idx3-ubyte.gz
Extracting dataset/train-images-idx3-ubyte.gz
num_images = 800 row = 100 col = 100
8000000
Extracting dataset/train-labels-idx1-ubyte.gz
num_items = 800 = 800
[15 17  3  4  1  1 13 11  7 13  4  0 14 11 15  1  5 15  5  2  8 16 13  7 12
 18 10  1 17 11  9  3 15  4 16 15  1  3 16  9 19 15  9 18 10  3  5 15 10  2
  7  9 18  2 11 15 12  8  0 14  4  0  8  4 14 13  5  2 12  9 13 18  3 19  9
 17  2  7  3  6 19  9  4  2 16 14  4  6  2 16 16  6  9 15 17 13  1 16 19 19
  1 16 18  6  6  3  2  7 18  8  4  0  4 16 10 11  6 17 13 19 14 16  6 15  6
  1  2 13 19  8  4 10 18  2 17 16  7 16 15  0 14  8 19  9 13  1 16  6 11  0
  1 13  8 19  0  3  5 18  7 16 14  4  4 17  4  3 12 16 11 17 18  4  1  7 12
 14 18 10  5 16  1  6  1 17 12  0  3  9  2 16 12  0  5  6 11 10 17 19  5 12
 14 15  3 16 18 19  0  0 10  7  4 15  5 10 19  4 12  9 13 10 17 14  4 10  4
 15 10  6  5  6  3  1  2  3  2 14 14  8 18  2 14 12 14 13 15 18  5 12 14 13
 10  5 19  2  9 19 19 11  9 15 12 12  6  0  5  9 15  4  7 19  5  9  6  3  6
  9 15  3 11 10  6 12 15  7 18 12 12  1 18  8 11  1 18 18  1 13  7  5  2  8
  1 12 17  0 19 13 13 15 16 19  8 13 12  3 14  6 13 18  4 11  2 19 17  8 15
  2  6  1 16 11 16 10 16 13  7  6  2  2  7  6 15 10  6  4 16 14 18  4  6 13
  6 10 14 14 19 18 18  7  5  8  0 11  1 13 10  4 13 19  3  0  9  4  5  8  3
 13  5  8 16 16  6 14  2  2 17  3 19  3  4 14  9 10 10  7 10  6  5  0  4  7
 18 15  0 15  1  2 15  0 13  6  7 19 14 10  9  1  7 10  8  2  8 10  4  0  1
 10 14 19 19 19 17  5  6  4 17 18 12 12 17 10  0 12  8  2  7  2 12 12 13 16
  2  9 17 15 10  5 19  3 19 18  6  7 12 11  8 14  2  4  1 12  4 19  1 16 11
  5  8 17  4 17 16 11 12  4  3 17  0  9  7  3  5 16 10 18  5 15  9  9 10 16
  1  1  8  5 17 11  3  0 18  4 13  9  9 13 14  5 10  7 12  8 15 17 12  5  7
  3 14 16 15  8 10 11  8 11  3  0 19  5 14  4 12  3  9 18  0  2 11  7 17  8
 15 11  2  7  1 11 17  1  4  4  9 16  6  3 12 13 11  8 15  2 10 18  8 11 14
 13 10  7 11 11  4  2  7 12  7 18 13 19  5  6  8 12 13 17  0  5  9 11 17 11
  7  8  7  1 14  7 18  5 12  2  8  0 17  9  5  8  1 18  5  9  3  0  1  3 17
 11 14  1 13  3 18  8  8 17  9 12 19 13 17 13  3  2  3 11 15 14  0  8 13  5
 18  3 14  3  0 10  6  4 18 10 18 18 13  9 15 16 15  3  0  6 11 19  2  5 13
  0  9 17 18  8 17 10  8  6 12  7 11  1  5  7 17 17 13  5 12  9 19  0 14  3
 12  8  6 14 19  1  8  6  2 15  7  1 16  0 17  3  7  7 18  3 16 13 16  0  0
  4 15  2  9  9  2  1 16 10  7  1 18 14 12 19 16 13  2 15  5 17 17 10 19 11
  5 14 15  7  2 11  7  0 14  8  9 11 17 12 17  4  5  7  6  5  3  4 19 15  2
  9  0  1 11 18  3 14 11  2  6  9 12 11 19 15 16 16 10 19 11  1  9  6  9  6]
num_labels = 800 num_classes = 20
index_offset = [    0    20    40    60    80   100   120   140   160   180   200   220
   240   260   280   300   320   340   360   380   400   420   440   460
   480   500   520   540   560   580   600   620   640   660   680   700
   720   740   760   780   800   820   840   860   880   900   920   940
   960   980  1000  1020  1040  1060  1080  1100  1120  1140  1160  1180
  1200  1220  1240  1260  1280  1300  1320  1340  1360  1380  1400  1420
  1440  1460  1480  1500  1520  1540  1560  1580  1600  1620  1640  1660
  1680  1700  1720  1740  1760  1780  1800  1820  1840  1860  1880  1900
  1920  1940  1960  1980  2000  2020  2040  2060  2080  2100  2120  2140
  2160  2180  2200  2220  2240  2260  2280  2300  2320  2340  2360  2380
  2400  2420  2440  2460  2480  2500  2520  2540  2560  2580  2600  2620
  2640  2660  2680  2700  2720  2740  2760  2780  2800  2820  2840  2860
  2880  2900  2920  2940  2960  2980  3000  3020  3040  3060  3080  3100
  3120  3140  3160  3180  3200  3220  3240  3260  3280  3300  3320  3340
  3360  3380  3400  3420  3440  3460  3480  3500  3520  3540  3560  3580
  3600  3620  3640  3660  3680  3700  3720  3740  3760  3780  3800  3820
  3840  3860  3880  3900  3920  3940  3960  3980  4000  4020  4040  4060
  4080  4100  4120  4140  4160  4180  4200  4220  4240  4260  4280  4300
  4320  4340  4360  4380  4400  4420  4440  4460  4480  4500  4520  4540
  4560  4580  4600  4620  4640  4660  4680  4700  4720  4740  4760  4780
  4800  4820  4840  4860  4880  4900  4920  4940  4960  4980  5000  5020
  5040  5060  5080  5100  5120  5140  5160  5180  5200  5220  5240  5260
  5280  5300  5320  5340  5360  5380  5400  5420  5440  5460  5480  5500
  5520  5540  5560  5580  5600  5620  5640  5660  5680  5700  5720  5740
  5760  5780  5800  5820  5840  5860  5880  5900  5920  5940  5960  5980
  6000  6020  6040  6060  6080  6100  6120  6140  6160  6180  6200  6220
  6240  6260  6280  6300  6320  6340  6360  6380  6400  6420  6440  6460
  6480  6500  6520  6540  6560  6580  6600  6620  6640  6660  6680  6700
  6720  6740  6760  6780  6800  6820  6840  6860  6880  6900  6920  6940
  6960  6980  7000  7020  7040  7060  7080  7100  7120  7140  7160  7180
  7200  7220  7240  7260  7280  7300  7320  7340  7360  7380  7400  7420
  7440  7460  7480  7500  7520  7540  7560  7580  7600  7620  7640  7660
  7680  7700  7720  7740  7760  7780  7800  7820  7840  7860  7880  7900
  7920  7940  7960  7980  8000  8020  8040  8060  8080  8100  8120  8140
  8160  8180  8200  8220  8240  8260  8280  8300  8320  8340  8360  8380
  8400  8420  8440  8460  8480  8500  8520  8540  8560  8580  8600  8620
  8640  8660  8680  8700  8720  8740  8760  8780  8800  8820  8840  8860
  8880  8900  8920  8940  8960  8980  9000  9020  9040  9060  9080  9100
  9120  9140  9160  9180  9200  9220  9240  9260  9280  9300  9320  9340
  9360  9380  9400  9420  9440  9460  9480  9500  9520  9540  9560  9580
  9600  9620  9640  9660  9680  9700  9720  9740  9760  9780  9800  9820
  9840  9860  9880  9900  9920  9940  9960  9980 10000 10020 10040 10060
 10080 10100 10120 10140 10160 10180 10200 10220 10240 10260 10280 10300
 10320 10340 10360 10380 10400 10420 10440 10460 10480 10500 10520 10540
 10560 10580 10600 10620 10640 10660 10680 10700 10720 10740 10760 10780
 10800 10820 10840 10860 10880 10900 10920 10940 10960 10980 11000 11020
 11040 11060 11080 11100 11120 11140 11160 11180 11200 11220 11240 11260
 11280 11300 11320 11340 11360 11380 11400 11420 11440 11460 11480 11500
 11520 11540 11560 11580 11600 11620 11640 11660 11680 11700 11720 11740
 11760 11780 11800 11820 11840 11860 11880 11900 11920 11940 11960 11980
 12000 12020 12040 12060 12080 12100 12120 12140 12160 12180 12200 12220
 12240 12260 12280 12300 12320 12340 12360 12380 12400 12420 12440 12460
 12480 12500 12520 12540 12560 12580 12600 12620 12640 12660 12680 12700
 12720 12740 12760 12780 12800 12820 12840 12860 12880 12900 12920 12940
 12960 12980 13000 13020 13040 13060 13080 13100 13120 13140 13160 13180
 13200 13220 13240 13260 13280 13300 13320 13340 13360 13380 13400 13420
 13440 13460 13480 13500 13520 13540 13560 13580 13600 13620 13640 13660
 13680 13700 13720 13740 13760 13780 13800 13820 13840 13860 13880 13900
 13920 13940 13960 13980 14000 14020 14040 14060 14080 14100 14120 14140
 14160 14180 14200 14220 14240 14260 14280 14300 14320 14340 14360 14380
 14400 14420 14440 14460 14480 14500 14520 14540 14560 14580 14600 14620
 14640 14660 14680 14700 14720 14740 14760 14780 14800 14820 14840 14860
 14880 14900 14920 14940 14960 14980 15000 15020 15040 15060 15080 15100
 15120 15140 15160 15180 15200 15220 15240 15260 15280 15300 15320 15340
 15360 15380 15400 15420 15440 15460 15480 15500 15520 15540 15560 15580
 15600 15620 15640 15660 15680 15700 15720 15740 15760 15780 15800 15820
 15840 15860 15880 15900 15920 15940 15960 15980]
labels_one_hot = [[ 0.  0.  0. ...,  0.  0.  0.]
 [ 0.  0.  0. ...,  0.  0.  0.]
 [ 0.  0.  0. ...,  0.  0.  0.]
 ..., 
 [ 0.  0.  0. ...,  0.  0.  0.]
 [ 0.  0.  0. ...,  0.  0.  0.]
 [ 0.  0.  0. ...,  0.  0.  0.]]
labels_dense.ravel() = [15 17  3  4  1  1 13 11  7 13  4  0 14 11 15  1  5 15  5  2  8 16 13  7 12
 18 10  1 17 11  9  3 15  4 16 15  1  3 16  9 19 15  9 18 10  3  5 15 10  2
  7  9 18  2 11 15 12  8  0 14  4  0  8  4 14 13  5  2 12  9 13 18  3 19  9
 17  2  7  3  6 19  9  4  2 16 14  4  6  2 16 16  6  9 15 17 13  1 16 19 19
  1 16 18  6  6  3  2  7 18  8  4  0  4 16 10 11  6 17 13 19 14 16  6 15  6
  1  2 13 19  8  4 10 18  2 17 16  7 16 15  0 14  8 19  9 13  1 16  6 11  0
  1 13  8 19  0  3  5 18  7 16 14  4  4 17  4  3 12 16 11 17 18  4  1  7 12
 14 18 10  5 16  1  6  1 17 12  0  3  9  2 16 12  0  5  6 11 10 17 19  5 12
 14 15  3 16 18 19  0  0 10  7  4 15  5 10 19  4 12  9 13 10 17 14  4 10  4
 15 10  6  5  6  3  1  2  3  2 14 14  8 18  2 14 12 14 13 15 18  5 12 14 13
 10  5 19  2  9 19 19 11  9 15 12 12  6  0  5  9 15  4  7 19  5  9  6  3  6
  9 15  3 11 10  6 12 15  7 18 12 12  1 18  8 11  1 18 18  1 13  7  5  2  8
  1 12 17  0 19 13 13 15 16 19  8 13 12  3 14  6 13 18  4 11  2 19 17  8 15
  2  6  1 16 11 16 10 16 13  7  6  2  2  7  6 15 10  6  4 16 14 18  4  6 13
  6 10 14 14 19 18 18  7  5  8  0 11  1 13 10  4 13 19  3  0  9  4  5  8  3
 13  5  8 16 16  6 14  2  2 17  3 19  3  4 14  9 10 10  7 10  6  5  0  4  7
 18 15  0 15  1  2 15  0 13  6  7 19 14 10  9  1  7 10  8  2  8 10  4  0  1
 10 14 19 19 19 17  5  6  4 17 18 12 12 17 10  0 12  8  2  7  2 12 12 13 16
  2  9 17 15 10  5 19  3 19 18  6  7 12 11  8 14  2  4  1 12  4 19  1 16 11
  5  8 17  4 17 16 11 12  4  3 17  0  9  7  3  5 16 10 18  5 15  9  9 10 16
  1  1  8  5 17 11  3  0 18  4 13  9  9 13 14  5 10  7 12  8 15 17 12  5  7
  3 14 16 15  8 10 11  8 11  3  0 19  5 14  4 12  3  9 18  0  2 11  7 17  8
 15 11  2  7  1 11 17  1  4  4  9 16  6  3 12 13 11  8 15  2 10 18  8 11 14
 13 10  7 11 11  4  2  7 12  7 18 13 19  5  6  8 12 13 17  0  5  9 11 17 11
  7  8  7  1 14  7 18  5 12  2  8  0 17  9  5  8  1 18  5  9  3  0  1  3 17
 11 14  1 13  3 18  8  8 17  9 12 19 13 17 13  3  2  3 11 15 14  0  8 13  5
 18  3 14  3  0 10  6  4 18 10 18 18 13  9 15 16 15  3  0  6 11 19  2  5 13
  0  9 17 18  8 17 10  8  6 12  7 11  1  5  7 17 17 13  5 12  9 19  0 14  3
 12  8  6 14 19  1  8  6  2 15  7  1 16  0 17  3  7  7 18  3 16 13 16  0  0
  4 15  2  9  9  2  1 16 10  7  1 18 14 12 19 16 13  2 15  5 17 17 10 19 11
  5 14 15  7  2 11  7  0 14  8  9 11 17 12 17  4  5  7  6  5  3  4 19 15  2
  9  0  1 11 18  3 14 11  2  6  9 12 11 19 15 16 16 10 19 11  1  9  6  9  6]
Extracting dataset/test-images-idx3-ubyte.gz
num_images = 120 row = 100 col = 100
1200000
Extracting dataset/test-labels-idx1-ubyte.gz
num_items = 120 = 120
[17 12 13 16 18 10  2  4  5 11 17  1  3  9  4  9  1 19  5 13  3  0 17  2 12
  5 16 13 10  3 15 11  9  7  1  2 13 11 15  8  7 17 19  7 19 11  1 15  7 13
  8  3 14  2 18 16  5 14 14  9  3  7  4  7  8  5 18  4  0 15 12 12 16  9  6
 18  0  9  6  1 10  2 11  1 17 10 16 12  4  8 17  8 10 10  6  6 19 16 19  5
 18 15 11 14  0 13 14 15  4 14  0  8  6 12  3 19  2  6  0 18]
num_labels = 120 num_classes = 20
index_offset = [   0   20   40   60   80  100  120  140  160  180  200  220  240  260  280
  300  320  340  360  380  400  420  440  460  480  500  520  540  560  580
  600  620  640  660  680  700  720  740  760  780  800  820  840  860  880
  900  920  940  960  980 1000 1020 1040 1060 1080 1100 1120 1140 1160 1180
 1200 1220 1240 1260 1280 1300 1320 1340 1360 1380 1400 1420 1440 1460 1480
 1500 1520 1540 1560 1580 1600 1620 1640 1660 1680 1700 1720 1740 1760 1780
 1800 1820 1840 1860 1880 1900 1920 1940 1960 1980 2000 2020 2040 2060 2080
 2100 2120 2140 2160 2180 2200 2220 2240 2260 2280 2300 2320 2340 2360 2380]
labels_one_hot = [[ 0.  0.  0. ...,  0.  0.  0.]
 [ 0.  0.  0. ...,  0.  0.  0.]
 [ 0.  0.  0. ...,  0.  0.  0.]
 ..., 
 [ 0.  0.  0. ...,  0.  0.  0.]
 [ 0.  0.  0. ...,  0.  0.  0.]
 [ 0.  0.  0. ...,  0.  0.  0.]]
labels_dense.ravel() = [17 12 13 16 18 10  2  4  5 11 17  1  3  9  4  9  1 19  5 13  3  0 17  2 12
  5 16 13 10  3 15 11  9  7  1  2 13 11 15  8  7 17 19  7 19 11  1 15  7 13
  8  3 14  2 18 16  5 14 14  9  3  7  4  7  8  5 18  4  0 15 12 12 16  9  6
 18  0  9  6  1 10  2 11  1 17 10 16 12  4  8 17  8 10 10  6  6 19 16 19  5
 18 15 11 14  0 13 14 15  4 14  0  8  6 12  3 19  2  6  0 18]

num_input_pixels = 10000
num_classes = 20
num_batches = 100
num_hidden_1 = 500
num_hidden_2 = 1500
training_epochs = 256
learning_rate = 0.001

Training Started!
Epoch: 0001 cost = 36168.612165179
Epoch: 0002 cost = 21995.767578125
Epoch: 0003 cost = 16883.579101562
Epoch: 0004 cost = 12221.650390625
Epoch: 0005 cost = 10295.293805804
Epoch: 0006 cost = 9773.029715402
Epoch: 0007 cost = 8824.411900112
Epoch: 0008 cost = 8424.801130022
Epoch: 0009 cost = 7279.255161830
Epoch: 0010 cost = 6858.424316406
Epoch: 0011 cost = 6465.205287388
Epoch: 0012 cost = 6455.373046875
Epoch: 0013 cost = 6464.771065848
Epoch: 0014 cost = 5772.361397879
Epoch: 0015 cost = 5479.810198103
Epoch: 0016 cost = 5239.200404576
Epoch: 0017 cost = 4903.398646763
Epoch: 0018 cost = 4574.500418527
Epoch: 0019 cost = 4222.572998047
Epoch: 0020 cost = 4089.204241071
Epoch: 0021 cost = 4061.954903739
Epoch: 0022 cost = 3809.961007254
Epoch: 0023 cost = 3826.612513951
Epoch: 0024 cost = 3227.180385045
Epoch: 0025 cost = 3083.616350446
Epoch: 0026 cost = 3319.616210938
Epoch: 0027 cost = 3059.506801060
Epoch: 0028 cost = 3244.859898158
Epoch: 0029 cost = 2917.818150112
Epoch: 0030 cost = 2633.767299107
Epoch: 0031 cost = 2660.831961496
Epoch: 0032 cost = 2359.740670340
Epoch: 0033 cost = 2355.351858956
Epoch: 0034 cost = 2242.829607282
Epoch: 0035 cost = 1985.954467773
Epoch: 0036 cost = 2108.661376953
Epoch: 0037 cost = 1907.647495815
Epoch: 0038 cost = 1976.928205218
Epoch: 0039 cost = 1993.065394810
Epoch: 0040 cost = 1884.345389230
Epoch: 0041 cost = 1670.100673131
Epoch: 0042 cost = 1504.124755859
Epoch: 0043 cost = 1603.862409319
Epoch: 0044 cost = 1598.536185128
Epoch: 0045 cost = 1620.175763811
Epoch: 0046 cost = 1587.269374302
Epoch: 0047 cost = 1506.884556362
Epoch: 0048 cost = 1268.955130441
Epoch: 0049 cost = 1242.039428711
Epoch: 0050 cost = 1024.956351144
Epoch: 0051 cost = 1022.251534598
Epoch: 0052 cost = 1160.802978516
Epoch: 0053 cost = 921.842773438
Epoch: 0054 cost = 971.442792620
Epoch: 0055 cost = 1146.337881906
Epoch: 0056 cost = 1053.528154646
Epoch: 0057 cost = 985.329677037
Epoch: 0058 cost = 1080.761021205
Epoch: 0059 cost = 1176.973135812
Epoch: 0060 cost = 971.524204799
Epoch: 0061 cost = 848.422354562
Epoch: 0062 cost = 835.462332589
Epoch: 0063 cost = 808.903459821
Epoch: 0064 cost = 1013.186022077
Epoch: 0065 cost = 782.287724086
Epoch: 0066 cost = 745.396440778
Epoch: 0067 cost = 908.733677455
Epoch: 0068 cost = 655.925890241
Epoch: 0069 cost = 885.340087891
Epoch: 0070 cost = 707.631356376
Epoch: 0071 cost = 702.464821952
Epoch: 0072 cost = 679.829345703
Epoch: 0073 cost = 571.542293004
Epoch: 0074 cost = 632.960000174
Epoch: 0075 cost = 698.699890137
Epoch: 0076 cost = 438.717008318
Epoch: 0077 cost = 616.820805141
Epoch: 0078 cost = 697.090833391
Epoch: 0079 cost = 742.677716936
Epoch: 0080 cost = 451.691103254
Epoch: 0081 cost = 451.084965297
Epoch: 0082 cost = 383.865177699
Epoch: 0083 cost = 392.894609724
Epoch: 0084 cost = 488.879198347
Epoch: 0085 cost = 537.685651507
Epoch: 0086 cost = 443.583347866
Epoch: 0087 cost = 446.591840472
Epoch: 0088 cost = 508.118944441
Epoch: 0089 cost = 501.521231515
Epoch: 0090 cost = 469.334991455
Epoch: 0091 cost = 363.322714669
Epoch: 0092 cost = 536.992039272
Epoch: 0093 cost = 444.032523019
Epoch: 0094 cost = 453.516571045
Epoch: 0095 cost = 482.596418108
Epoch: 0096 cost = 381.484518869
Epoch: 0097 cost = 473.421024867
Epoch: 0098 cost = 456.422254290
Epoch: 0099 cost = 389.453417097
Epoch: 0100 cost = 507.569335938
Epoch: 0101 cost = 474.673261370
Epoch: 0102 cost = 503.182843890
Epoch: 0103 cost = 527.828805106
Epoch: 0104 cost = 471.686462402
Epoch: 0105 cost = 478.184341431
Epoch: 0106 cost = 360.711360386
Epoch: 0107 cost = 377.854169573
Epoch: 0108 cost = 334.414243426
Epoch: 0109 cost = 387.128727504
Epoch: 0110 cost = 320.897439139
Epoch: 0111 cost = 355.580468314
Epoch: 0112 cost = 337.953914097
Epoch: 0113 cost = 409.140008109
Epoch: 0114 cost = 312.218717303
Epoch: 0115 cost = 252.654353551
Epoch: 0116 cost = 283.327163696
Epoch: 0117 cost = 307.119583130
Epoch: 0118 cost = 401.387520926
Epoch: 0119 cost = 245.630397252
Epoch: 0120 cost = 169.849771772
Epoch: 0121 cost = 177.081130981
Epoch: 0122 cost = 178.172728402
Epoch: 0123 cost = 187.260124751
Epoch: 0124 cost = 230.680368696
Epoch: 0125 cost = 202.667785645
Epoch: 0126 cost = 196.051158360
Epoch: 0127 cost = 191.248220171
Epoch: 0128 cost = 195.918867929
Epoch: 0129 cost = 177.119305202
Epoch: 0130 cost = 208.743641445
Epoch: 0131 cost = 240.620500837
Epoch: 0132 cost = 241.851825169
Epoch: 0133 cost = 270.030677795
Epoch: 0134 cost = 341.668930054
Epoch: 0135 cost = 413.163526263
Epoch: 0136 cost = 436.559653146
Epoch: 0137 cost = 289.022591727
Epoch: 0138 cost = 324.363817487
Epoch: 0139 cost = 229.447797503
Epoch: 0140 cost = 231.115336827
Epoch: 0141 cost = 228.736226763
Epoch: 0142 cost = 189.924584525
Epoch: 0143 cost = 167.320719038
Epoch: 0144 cost = 152.663282122
Epoch: 0145 cost = 204.914527621
Epoch: 0146 cost = 172.408473424
Epoch: 0147 cost = 177.489701407
Epoch: 0148 cost = 163.326401847
Epoch: 0149 cost = 169.365317753
Epoch: 0150 cost = 159.530414581
Epoch: 0151 cost = 136.058340890
Epoch: 0152 cost = 157.973452977
Epoch: 0153 cost = 111.033629281
Epoch: 0154 cost = 103.636098589
Epoch: 0155 cost = 150.362357548
Epoch: 0156 cost = 281.670847212
Epoch: 0157 cost = 196.133863177
Epoch: 0158 cost = 266.915978568
Epoch: 0159 cost = 215.335188729
Epoch: 0160 cost = 259.880716596
Epoch: 0161 cost = 189.644183568
Epoch: 0162 cost = 175.760353088
Epoch: 0163 cost = 118.504316602
Epoch: 0164 cost = 128.919225420
Epoch: 0165 cost = 171.032035828
Epoch: 0166 cost = 216.362871443
Epoch: 0167 cost = 209.949721200
Epoch: 0168 cost = 231.747307914
Epoch: 0169 cost = 207.180410113
Epoch: 0170 cost = 137.854446411
Epoch: 0171 cost = 137.687121800
Epoch: 0172 cost = 164.906157357
Epoch: 0173 cost = 111.396663393
Epoch: 0174 cost = 95.199928011
Epoch: 0175 cost = 122.118673597
Epoch: 0176 cost = 97.670969282
Epoch: 0177 cost = 160.761858259
Epoch: 0178 cost = 148.320688520
Epoch: 0179 cost = 209.257211958
Epoch: 0180 cost = 219.875307356
Epoch: 0181 cost = 251.097874233
Epoch: 0182 cost = 161.144804818
Epoch: 0183 cost = 254.958527701
Epoch: 0184 cost = 221.452020918
Epoch: 0185 cost = 218.990709577
Epoch: 0186 cost = 248.368676322
Epoch: 0187 cost = 327.374003819
Epoch: 0188 cost = 328.324816023
Epoch: 0189 cost = 332.898409162
Epoch: 0190 cost = 296.118775776
Epoch: 0191 cost = 281.504021781
Epoch: 0192 cost = 281.587339129
Epoch: 0193 cost = 318.633352007
Epoch: 0194 cost = 251.197946821
Epoch: 0195 cost = 141.140725272
Epoch: 0196 cost = 102.502830505
Epoch: 0197 cost = 114.211997441
Epoch: 0198 cost = 176.896599906
Epoch: 0199 cost = 205.293624878
Epoch: 0200 cost = 165.919764927
Epoch: 0201 cost = 230.971130371
Epoch: 0202 cost = 184.545052120
Epoch: 0203 cost = 164.591687884
Epoch: 0204 cost = 198.676062448
Epoch: 0205 cost = 202.299720764
Epoch: 0206 cost = 194.232517787
Epoch: 0207 cost = 129.591867447
Epoch: 0208 cost = 167.710840498
Epoch: 0209 cost = 170.121473040
Epoch: 0210 cost = 148.134111404
Epoch: 0211 cost = 135.415166037
Epoch: 0212 cost = 160.648313250
Epoch: 0213 cost = 100.411678314
Epoch: 0214 cost = 139.587601798
Epoch: 0215 cost = 167.785956247
Epoch: 0216 cost = 155.918469020
Epoch: 0217 cost = 135.453869411
Epoch: 0218 cost = 138.248460497
Epoch: 0219 cost = 147.558076586
Epoch: 0220 cost = 156.004713876
Epoch: 0221 cost = 92.665086882
Epoch: 0222 cost = 209.486654009
Epoch: 0223 cost = 175.303349631
Epoch: 0224 cost = 234.571492876
Epoch: 0225 cost = 274.225209917
Epoch: 0226 cost = 132.700475420
Epoch: 0227 cost = 101.583950451
Epoch: 0228 cost = 107.597082138
Epoch: 0229 cost = 207.878623962
Epoch: 0230 cost = 179.695469448
Epoch: 0231 cost = 142.152488981
Epoch: 0232 cost = 173.610922677
Epoch: 0233 cost = 140.635193144
Epoch: 0234 cost = 216.942422594
Epoch: 0235 cost = 199.272488185
Epoch: 0236 cost = 188.976562500
Epoch: 0237 cost = 146.270818438
Epoch: 0238 cost = 165.717776707
Epoch: 0239 cost = 131.546942847
Epoch: 0240 cost = 149.122928074
Epoch: 0241 cost = 86.080523900
Epoch: 0242 cost = 85.148271561
Epoch: 0243 cost = 77.517845154
Epoch: 0244 cost = 125.582116263
Epoch: 0245 cost = 77.566275460
Epoch: 0246 cost = 64.205907004
Epoch: 0247 cost = 95.411240714
Epoch: 0248 cost = 157.200551782
Epoch: 0249 cost = 117.938802992
Epoch: 0250 cost = 189.631852286
Epoch: 0251 cost = 193.962711879
Epoch: 0252 cost = 203.608132499
Epoch: 0253 cost = 172.183658055
Epoch: 0254 cost = 189.532155173
Epoch: 0255 cost = 158.610882895
Epoch: 0256 cost = 282.639434814
Training Finished!
Testing started!
Accuracy: 48.3333319426
Testing finished!
